  Стиральный_порошок      66     3   6  11    2019  59     537
  Стиральный_порошок      66     3   6  11    2019   1     537
                 Рис      73     4   5  12    2022  76       5
                 Рис      73     4   5  12    2022  54       5
                Мыло       7     3  23   6    2019   4     529
                Мыло       7     3  23   6    2019   4     529
              Молоко      94     2  11  12    2022  51       1
              Молоко      94     2  11  12    2022  22       1
  Стиральный_порошок      66     3   6  11    2019   1     537
  Стиральный_порошок      66     3   6  11    2019   1     537
                Мыло      30     3  29   5    2018  55    1022
                Мыло      30     3  29   5    2018  52    1022
