                Мыло       7     3  23   6    2019   4     529
                Мыло       7     3  23   6    2019 192     529
                 Рис      48     2  11  12    2022  74       6
                 Рис      48     2  11  12    2022 268       6
                Мыло       7     3  23   6    2019 192     529
                Мыло       7     3  23   6    2019 385     529
                 Рис      48     2  11  12    2022 268       6
                 Рис      48     2  11  12    2022 435       6
                 Рис      73     4   5  12    2022  54       5
                 Рис      73     4   5  12    2022 231       5
                 Рис      73     4   5  12    2022 231       5
                 Рис      73     4   5  12    2022 344       5
              Молоко      94     2  11  12    2022  22       1
              Молоко      94     2  11  12    2022 159       1
                 Рис      73     4   5  12    2022 344       5
                 Рис      73     4   5  12    2022 510       5
  Стиральный_порошок      66     3   6  11    2019   1     537
  Стиральный_порошок      66     3   6  11    2019 148     537
                 Рис      73     4   5  12    2022 510       5
                 Рис      73     4   5  12    2022 688       5
