  Освежитель_воздуха      91     3   1  11    2020  73     873
  Стиральный_порошок      60     3  16   6    2019  20     508
  Освежитель_воздуха      64     3   2   8    2021  72    1063
  Стиральный_порошок      18     3  12   1    2019  83     654
  Стиральный_порошок      81     1  24   8    2020  59     863
  Освежитель_воздуха      98     1  26   9    2020   6     905
              Молоко      49     1  10  12    2022   2       5
  Освежитель_воздуха       1     4  28   5    2021  27     539
  Освежитель_воздуха      93     1  11   7    2019  16     438
  Стиральный_порошок      71     2  21   8    2018   6     585
