  Освежитель_воздуха      91     3   1  11    2020  73     873
  Стиральный_порошок      60     3  16   6    2019  20     508
  Освежитель_воздуха      64     3   2   8    2021  72    1063
                 Рис      98     2   8  12    2022  48      14
  Стиральный_порошок      18     3  12   1    2019  83     654
  Стиральный_порошок      81     1  24   8    2020  59     863
                 Рис      48     2  11  12    2022  74       6
              Молоко      18     2  25  12    2022  25      17
  Освежитель_воздуха      98     1  26   9    2020   6     905
                 Рис      73     4   5  12    2022  76       5
              Молоко      49     1  10  12    2022   2       5
              Молоко      94     2  11  12    2022  51       1
                 Рис      28     1   5  12    2022  39       4
  Освежитель_воздуха       1     4  28   5    2021  27     539
  Освежитель_воздуха      93     1  11   7    2019  16     438
  Стиральный_порошок      71     2  21   8    2018   6     585
                Мыло       7     3  23   6    2019   4     529
                Мыло      30     3  29   5    2018  55    1022
  Стиральный_порошок      66     3   6  11    2019  59     537
